0,177670,0.034849
10,230628,0.080085
20,109971,0.101655
30,68155,0.115023
40,46350,0.124114
50,28512,0.129707
60,17353,0.133110
70,12015,0.135467
80,9069,0.137246
90,6739,0.138568
100,4587,0.139467
110,2994,0.140055
120,2678,0.140580
130,45489,0.149502
140,244909,0.197539
150,281328,0.252720
160,196876,0.291336
170,187110,0.328036
180,168961,0.361176
190,126856,0.386058
200,94352,0.404565
210,79421,0.420143
220,68311,0.433541
230,51223,0.443588
240,37576,0.450959
250,30776,0.456995
260,25731,0.462042
270,39135,0.469718
280,119139,0.493087
290,217272,0.535703
300,238146,0.582414
310,241196,0.629722
320,243784,0.677539
330,233166,0.723273
340,209302,0.764326
350,187211,0.801046
360,163230,0.833063
370,141234,0.860765
380,123100,0.884910
390,107540,0.906003
400,89541,0.923566
410,72095,0.937707
420,58484,0.949178
430,47563,0.958507
440,38613,0.966081
450,31202,0.972201
460,25050,0.977114
470,20380,0.981112
480,16034,0.984257
490,13008,0.986808
500,10555,0.988878
510,8460,0.990538
520,7006,0.991912
530,5696,0.993029
540,4645,0.993940
550,3812,0.994688
560,3136,0.995303
570,2669,0.995826
580,2246,0.996267
590,1887,0.996637
600,1600,0.996951
610,1447,0.997235
620,1188,0.997468
630,1088,0.997681
640,1036,0.997884
650,886,0.998058
660,719,0.998199
670,732,0.998343
680,620,0.998464
690,567,0.998576
700,477,0.998669
710,464,0.998760
720,417,0.998842
730,355,0.998912
740,332,0.998977
750,270,0.999030
760,254,0.999080
770,280,0.999134
780,222,0.999178
790,218,0.999221
800,186,0.999257
810,178,0.999292
820,169,0.999325
830,121,0.999349
840,117,0.999372
850,124,0.999396
860,99,0.999416
870,117,0.999439
880,94,0.999457
890,81,0.999473
900,68,0.999486
910,81,0.999502
920,71,0.999516
930,69,0.999530
940,56,0.999541
950,75,0.999555
960,59,0.999567
970,54,0.999578
980,64,0.999590
990,55,0.999601
1000,46,0.999610
1010,52,0.999620
1020,46,0.999629
1030,45,0.999638
1040,37,0.999645
1050,46,0.999654
1060,42,0.999662
1070,22,0.999667
1080,37,0.999674
1090,34,0.999681
1100,35,0.999688
1110,39,0.999695
1120,29,0.999701
1130,36,0.999708
1140,40,0.999716
1150,25,0.999721
1160,23,0.999725
1170,25,0.999730
1180,38,0.999738
1190,26,0.999743
1200,16,0.999746
1210,24,0.999750
1220,43,0.999759
1230,34,0.999766
1240,20,0.999770
1250,38,0.999777
1260,27,0.999782
1270,29,0.999788
1280,24,0.999793
1290,30,0.999799
1300,27,0.999804
1310,24,0.999809
1320,18,0.999812
1330,33,0.999819
1340,12,0.999821
1350,29,0.999827
1360,19,0.999830
1370,16,0.999833
1380,19,0.999837
1390,16,0.999840
1400,16,0.999843
1410,19,0.999847
1420,6,0.999848
1430,23,0.999853
1440,15,0.999856
1450,13,0.999858
1460,13,0.999861
1470,13,0.999864
1480,14,0.999866
1490,15,0.999869
1500,9,0.999871
1510,12,0.999873
1520,16,0.999876
1530,15,0.999879
1540,7,0.999881
1550,8,0.999882
1560,8,0.999884
1570,6,0.999885
1580,3,0.999886
1590,8,0.999887
1600,11,0.999889
1610,6,0.999891
1620,12,0.999893
1630,7,0.999894
1640,5,0.999895
1650,8,0.999897
1660,13,0.999899
1670,4,0.999900
1680,5,0.999901
1690,8,0.999903
1700,6,0.999904
1710,7,0.999905
1720,5,0.999906
1730,4,0.999907
1740,4,0.999908
1750,8,0.999909
1760,5,0.999910
1770,2,0.999911
1780,4,0.999912
1790,7,0.999913
1800,5,0.999914
1810,6,0.999915
1820,9,0.999917
1830,3,0.999917
1840,1,0.999918
1850,7,0.999919
1860,5,0.999920
1870,4,0.999921
1880,4,0.999922
1890,5,0.999923
1900,3,0.999923
1910,6,0.999924
1920,3,0.999925
1930,4,0.999926
1940,3,0.999926
1950,4,0.999927
1960,5,0.999928
1970,4,0.999929
1980,6,0.999930
1990,1,0.999930
2000,3,0.999931
2010,1,0.999931
2020,5,0.999932
2030,4,0.999933
2040,3,0.999933
2050,5,0.999934
2060,4,0.999935
2070,7,0.999936
2080,6,0.999938
2090,5,0.999939
2100,7,0.999940
2110,11,0.999942
2120,5,0.999943
2130,5,0.999944
2140,5,0.999945
2150,6,0.999946
2160,5,0.999947
2170,2,0.999948
2180,2,0.999948
2190,2,0.999948
2200,6,0.999950
2210,3,0.999950
2220,3,0.999951
2230,1,0.999951
2240,1,0.999951
2250,1,0.999951
2260,6,0.999953
2270,3,0.999953
2280,1,0.999953
2290,2,0.999954
2300,3,0.999954
2310,2,0.999955
2320,1,0.999955
2330,3,0.999955
2340,1,0.999956
2350,2,0.999956
2360,1,0.999956
2370,4,0.999957
2380,3,0.999958
2400,1,0.999958
2410,1,0.999958
2430,2,0.999958
2440,1,0.999959
2460,2,0.999959
2470,2,0.999959
2490,2,0.999960
2500,1,0.999960
2510,1,0.999960
2520,1,0.999960
2550,2,0.999961
2560,2,0.999961
2570,1,0.999961
2580,1,0.999962
2590,1,0.999962
2600,1,0.999962
2610,4,0.999963
2620,1,0.999963
2650,1,0.999963
2670,1,0.999963
2700,1,0.999964
2710,3,0.999964
2720,4,0.999965
2730,4,0.999966
2760,4,0.999966
2770,2,0.999967
2790,2,0.999967
2800,1,0.999967
2810,2,0.999968
2820,1,0.999968
2830,1,0.999968
2840,1,0.999968
2850,1,0.999969
2870,1,0.999969
2880,1,0.999969
2890,1,0.999969
2910,1,0.999969
2930,2,0.999970
2950,1,0.999970
2970,2,0.999970
2980,1,0.999971
3000,3,0.999971
3010,1,0.999971
3020,1,0.999972
3030,1,0.999972
3070,1,0.999972
3090,2,0.999972
3100,1,0.999973
3120,1,0.999973
3130,2,0.999973
3140,2,0.999974
3160,1,0.999974
3170,3,0.999974
3180,1,0.999974
3200,2,0.999975
3210,2,0.999975
3240,1,0.999976
3260,1,0.999976
3270,2,0.999976
3280,2,0.999976
3290,2,0.999977
3300,3,0.999977
3310,7,0.999979
3320,2,0.999979
3330,2,0.999980
3340,1,0.999980
3350,4,0.999981
3360,1,0.999981
3370,3,0.999981
3400,2,0.999982
3410,1,0.999982
3420,2,0.999982
3430,2,0.999983
3440,3,0.999983
3450,1,0.999984
3460,3,0.999984
3470,7,0.999985
3480,1,0.999986
3490,3,0.999986
3500,2,0.999987
3510,1,0.999987
3520,1,0.999987
3530,3,0.999988
3550,1,0.999988
3560,2,0.999988
3570,1,0.999988
3580,1,0.999989
3590,1,0.999989
3600,2,0.999989
3620,1,0.999989
3650,1,0.999990
3680,1,0.999990
3720,1,0.999990
3730,2,0.999990
3910,1,0.999991
3950,1,0.999991
3960,1,0.999991
3970,3,0.999992
3990,2,0.999992
4000,1,0.999992
4020,1,0.999992
4040,1,0.999993
4090,1,0.999993
4100,1,0.999993
4120,1,0.999993
4150,2,0.999994
4160,2,0.999994
4170,1,0.999994
4180,3,0.999995
4190,5,0.999996
4200,1,0.999996
4210,1,0.999996
4220,1,0.999996
4230,1,0.999996
6120,2,0.999997
6190,1,0.999997
6220,1,0.999997
6240,1,0.999997
6880,2,0.999998
6890,1,0.999998
6960,1,0.999998
6980,1,0.999998
7000,1,0.999999
7040,1,0.999999
7100,1,0.999999
7110,1,0.999999
7150,1,0.999999
7220,1,1.000000
7260,1,1.000000
7340,1,1.000000

